-0.266
-0.199
-0.159
-0.125
-0.111
-0.081
-0.051
-0.013
0.012
0.023
0.042
0.064
0.078
0.080
0.084
0.069
0.044
0.045
0.052
0.061
0.082
0.090
0.097
0.099
0.095
0.108
0.119
0.124
0.114
0.092
0.081
0.076
0.055
0.017
-0.012
-0.036
-0.068
-0.092
-0.101
-0.120
-0.151
-0.179
-0.206
-0.237
-0.265
-0.279
-0.283
-0.314
-0.346
-0.375
-0.398
-0.399
-0.401
-0.392
-0.392
-0.396
-0.386
-0.382
-0.369
-0.346
-0.330
-0.314
-0.304
-0.287
-0.259
-0.223
-0.196
-0.176
-0.157
-0.133
-0.091
-0.047
-0.017
0.031
0.068
0.097
0.150
0.199
0.245
0.306
0.360
0.412
0.454
0.484
0.505
0.513
0.514
0.514
0.518
0.524
0.530
0.541
0.548
0.536
0.508
0.485
0.473
0.476
0.450
0.403
0.367
0.346
0.320
0.286
0.241
0.200
0.172
0.158
0.126
0.088
0.052
0.030
0.034
0.021
-0.005
-0.012
-0.017
-0.021
-0.012
-0.009
-0.023
-0.020
-0.007
-0.019
-0.004
0.013
0.026
0.064
0.072
0.071
0.086
0.099
0.131
0.169
0.199
0.229
0.252
0.274
0.304
0.334
0.349
0.349
0.362
0.387
0.394
0.397
0.412
0.422
0.428
0.428
0.422
0.416
0.418
0.408
0.386
0.353
0.301
0.260
0.229
0.177
0.123
0.058
-0.003
-0.039
-0.086
-0.139
-0.187
-0.234
-0.286
-0.357
-0.432
-0.500
-0.575
-0.634
-0.700
-0.767
-0.840
-0.891
-0.929
-1.001
-1.066
-1.136
-1.203
-1.252
-1.304
-1.352
-1.391
-1.436
-1.467
-1.507
-1.552
-1.574
-1.570
-1.574
-1.583
-1.583
-1.570
-1.544
-1.512
-1.488
-1.451
-1.420
-1.377
-1.313
-1.240
-1.167
-1.097
-1.030
-0.962
-0.871
-0.772
-0.671
-0.572
-0.465
-0.347
-0.238
-0.119
-0.004
0.128
0.290
0.430
0.556
0.695
0.834
0.974
1.105
1.236
1.356
1.479
1.600
1.707
1.816
1.902
1.995
2.112
2.194
2.275
2.358
2.414
2.475
2.523
2.548
2.568
2.583
2.585
2.577
2.557
2.529
2.494
2.443
2.392
2.341
2.263
2.177
2.095
2.006
1.900
1.796
1.689
1.562
1.428
1.308
1.193
1.049
0.902
0.769
0.633
0.509
0.372
0.233
0.122
0.003
-0.114
-0.232
-0.365
-0.486
-0.601
-0.713
-0.810
-0.911
-1.020
-1.109
-1.175
-1.253
-1.316
-1.341
-1.381
-1.419
-1.450
-1.480
-1.502
-1.528
-1.532
-1.518
-1.522
-1.532
-1.530
-1.520
-1.506
-1.478
-1.460
-1.455
-1.448
-1.432
-1.402
-1.366
-1.345
-1.353
-1.350
-1.324
-1.292
-1.262
-1.229
-1.196
-1.174
-1.150
-1.111
-1.056
-0.990
-0.944
-0.902
-0.863
-0.867
-0.870
-0.872
-0.895
-0.908
-0.908
-0.890
-0.862
-0.829
-0.784
-0.749
-0.742
-0.784
-0.823
-0.826
-0.806
-0.757
-0.701
-0.632
-0.549
-0.480
-0.401
-0.309
-0.230
-0.156
-0.085
-0.019
0.042
0.102
0.168
0.224
0.244
0.249
0.275
0.321
0.378
0.447
0.512
0.561
0.603
0.649
0.699
0.739
0.773
0.817
0.865
0.902
0.934
0.945
0.942
0.933
0.902
0.856
0.798
0.737
0.691
0.646
0.620
0.592
0.533
0.474
0.420
0.362
0.296
0.232
0.171
0.114
0.069
0.028
-0.004
-0.040
-0.075
-0.076
-0.085
-0.104
-0.107
-0.118
-0.132
-0.127
-0.114
-0.095
-0.070
-0.057
-0.048
-0.012
0.046
0.101
0.153
0.191
0.219
0.237
0.253
0.274
0.296
0.310
0.324
0.336
0.337
0.346
0.369
0.391
0.392
0.370
0.352
0.332
0.318
0.318
0.298
0.285
0.288
0.291
0.292
0.277
0.264
0.259
0.244
0.223
0.201
0.174
0.149
0.142
0.127
0.086
0.047
0.000
-0.054
-0.090
-0.121
-0.135
-0.151
-0.175
-0.190
-0.207
-0.222
-0.227
-0.230
-0.237
-0.236
-0.229
-0.222
-0.205
-0.190
-0.192
-0.204
-0.218
-0.224
-0.221
-0.214
-0.210
-0.213
-0.226
-0.243
-0.262
-0.292
-0.315
-0.329
-0.346
-0.364
-0.379
-0.381
-0.374
-0.358
-0.332
-0.322
-0.312
-0.291
-0.277
-0.255
-0.225
-0.188
-0.155
-0.138
-0.134
-0.135
-0.128
-0.129
-0.141
-0.201
